0	1.010344e-03	3.247515e-01	1.751851e-01	3.247706e-01	
1	1.171309e-03	4.401198e+00	-2.44391e+00	4.401212e+00	
2	1.339715e-03	4.226433e+00	-3.66520e+00	4.226434e+00	
3	1.476199e-03	7.449453e-01	-3.25444e+00	7.449382e-01	
4	1.613340e-03	-3.26726e+00	-2.14977e+00	-3.26727e+00	
5	1.757411e-03	-4.99458e+00	-1.10665e+00	-4.99459e+00	
6	1.863827e-03	-3.77482e+00	-7.24461e-01	-3.77483e+00	
7	1.950504e-03	-1.53001e+00	-6.47029e-01	-1.53001e+00	
8	2.036658e-03	1.141484e+00	-6.27064e-01	1.141484e+00	
9	2.118721e-03	3.393345e+00	-4.97118e-01	3.393343e+00	
10	2.236155e-03	4.981093e+00	1.266675e-01	4.981085e+00	
11	2.369372e-03	3.658323e+00	1.487975e+00	3.658310e+00	
12	2.522983e-03	-7.19518e-01	3.307531e+00	-7.19529e-01	
13	2.674763e-03	-4.45164e+00	4.263324e+00	-4.45164e+00	
14	2.834823e-03	-4.30654e+00	3.442864e+00	-4.30653e+00	
15	3.004368e-03	1.371991e-01	8.487538e-01	1.372180e-01	
16	3.162082e-03	4.256325e+00	-1.79773e+00	4.256340e+00	
17	3.333383e-03	4.329351e+00	-3.30702e+00	4.329354e+00	
18	3.469630e-03	9.483080e-01	-3.16344e+00	9.483029e-01	
19	3.606877e-03	-3.11091e+00	-2.31352e+00	-3.11091e+00	
20	3.734449e-03	-4.97615e+00	-1.55027e+00	-4.97616e+00	
21	3.833213e-03	-4.33202e+00	-1.25107e+00	-4.33202e+00	
22	3.918583e-03	-2.44768e+00	-1.20833e+00	-2.44768e+00	
23	3.984921e-03	-4.73004e-01	-1.24146e+00	-4.73003e-01	
24	4.047077e-03	1.457495e+00	-1.24384e+00	1.457494e+00	
25	4.171388e-03	4.402380e+00	-8.73403e-01	4.402374e+00	
26	4.301256e-03	4.742937e+00	2.475447e-01	4.742926e+00	
27	4.443879e-03	1.726779e+00	2.138697e+00	1.726764e+00	
28	4.600805e-03	-2.95935e+00	3.994516e+00	-2.95935e+00	
29	4.798277e-03	-4.77173e+00	4.206056e+00	-4.77172e+00	
30	4.951923e-03	-1.48752e+00	2.402757e+00	-1.48750e+00	
31	5.119753e-03	3.417068e+00	-4.01599e-01	3.417084e+00	
32	5.287021e-03	4.865342e+00	-2.42459e+00	4.865349e+00	
33	5.440324e-03	1.831152e+00	-2.86245e+00	1.831150e+00	
34	5.554855e-03	-1.68940e+00	-2.48360e+00	-1.68940e+00	
35	5.667617e-03	-4.34498e+00	-1.98323e+00	-4.34499e+00	
36	5.755833e-03	-4.99664e+00	-1.74008e+00	-4.99664e+00	
37	5.842265e-03	-4.18309e+00	-1.71584e+00	-4.18309e+00	
38	5.920591e-03	-2.39247e+00	-1.83711e+00	-2.39247e+00	
39	6.003241e-03	1.018060e-01	-1.98778e+00	1.018076e-01	
40	6.098291e-03	2.895317e+00	-1.97376e+00	2.895315e+00	
41	6.243022e-03	4.995195e+00	-1.13698e+00	4.995185e+00	
42	6.406529e-03	2.770555e+00	9.881787e-01	2.770539e+00	
43	6.564736e-03	-1.97813e+00	3.335332e+00	-1.97814e+00	
44	6.742086e-03	-4.99382e+00	4.550493e+00	-4.99382e+00	
45	6.900092e-03	-2.93660e+00	3.589232e+00	-2.93659e+00	
46	7.062134e-03	1.902779e+00	1.192995e+00	1.902796e+00	
47	7.219601e-03	4.909071e+00	-1.09067e+00	4.909083e+00	
48	7.376067e-03	3.511749e+00	-2.22804e+00	3.511752e+00	
49	7.496490e-03	1.102622e-01	-2.25651e+00	1.102600e-01	
50	7.594227e-03	-2.79031e+00	-2.00335e+00	-2.79031e+00	
51	7.701045e-03	-4.76532e+00	-1.79269e+00	-4.76532e+00	
52	7.790777e-03	-4.83679e+00	-1.82625e+00	-4.83679e+00	
53	7.891097e-03	-3.16050e+00	-2.10083e+00	-3.16050e+00	
54	7.984578e-03	-4.83752e-01	-2.43268e+00	-4.83748e-01	

55	8.095634e-03	2.826879e+00	-2.57713e+00	2.826879e+00	
56	8.247009e-03	4.999117e+00	-1.76777e+00	4.999107e+00	
57	8.404112e-03	2.833446e+00	3.656212e-01	2.833429e+00	
58	8.570518e-03	-2.14362e+00	3.040842e+00	-2.14363e+00	
59	8.743955e-03	-4.99639e+00	4.527028e+00	-4.99640e+00	
60	8.901383e-03	-2.90367e+00	3.862778e+00	-2.90366e+00	
61	9.062884e-03	1.924546e+00	1.718177e+00	1.924562e+00	
62	9.214928e-03	4.879088e+00	-3.87267e-01	4.879099e+00	
63	9.368857e-03	3.669329e+00	-1.57594e+00	3.669332e+00	
64	9.484653e-03	4.813798e-01	-1.75107e+00	4.813791e-01	
65	9.576772e-03	-2.31941e+00	-1.65765e+00	-2.31941e+00	
66	9.665695e-03	-4.31478e+00	-1.60202e+00	-4.31478e+00	
67	9.752456e-03	-4.99940e+00	-1.72548e+00	-4.99940e+00	
68	9.861240e-03	-3.82762e+00	-2.16752e+00	-3.82761e+00	
69	9.969525e-03	-9.51572e-01	-2.74881e+00	-9.51566e-01	
70	1.008857e-02	2.641128e+00	-3.11581e+00	2.641129e+00	
71	1.027589e-02	4.933986e+00	-2.14606e+00	4.933975e+00	
72	1.045495e-02	1.396536e+00	4.969213e-01	1.396518e+00	
73	1.062040e-02	-3.43189e+00	3.141777e+00	-3.43190e+00	
74	1.081413e-02	-4.59951e+00	4.329400e+00	-4.59951e+00	
75	1.096362e-02	-1.13295e+00	3.372826e+00	-1.13294e+00	
76	1.111479e-02	3.301722e+00	1.492392e+00	3.301735e+00	
77	1.127260e-02	4.949653e+00	-1.98251e-01	4.949661e+00	
78	1.141469e-02	2.553661e+00	-8.96480e-01	2.553663e+00	
79	1.151292e-02	-4.05525e-01	-9.82070e-01	-4.05525e-01	
80	1.160999e-02	-3.18680e+00	-1.00838e+00	-3.18680e+00	
81	1.172224e-02	-4.92416e+00	-1.26632e+00	-4.92416e+00	
82	1.183957e-02	-4.22886e+00	-1.93295e+00	-4.22885e+00	
83	1.197232e-02	-8.65362e-01	-2.92924e+00	-8.65354e-01	
84	1.209423e-02	2.790409e+00	-3.54165e+00	2.790411e+00	
85	1.228390e-02	4.886995e+00	-2.75248e+00	4.886984e+00	
86	1.244473e-02	1.701685e+00	-3.88678e-01	1.701667e+00	
87	1.261970e-02	-3.41594e+00	2.569431e+00	-3.41596e+00	
88	1.280130e-02	-4.74252e+00	4.107044e+00	-4.74252e+00	
89	1.294960e-02	-1.55690e+00	3.594124e+00	-1.55689e+00	
90	1.309994e-02	2.937487e+00	2.052713e+00	2.937498e+00	
91	1.324542e-02	4.997928e+00	6.070380e-01	4.997936e+00	
92	1.337439e-02	3.549134e+00	-9.31222e-02	3.549137e+00	
93	1.347143e-02	8.926151e-01	-2.55824e-01	8.926156e-01	
94	1.353694e-02	-1.15021e+00	-2.86456e-01	-1.15021e+00	
95	1.360180e-02	-2.98437e+00	-3.50531e-01	-2.98437e+00	
96	1.369684e-02	-4.72369e+00	-6.49826e-01	-4.72368e+00	
97	1.381344e-02	-4.60802e+00	-1.44867e+00	-4.60801e+00	
98	1.395588e-02	-1.36841e+00	-2.81191e+00	-1.36840e+00	
99	1.408959e-02	2.668307e+00	-3.81885e+00	2.668312e+00	
100	1.428157e-02	4.901954e+00	-3.39355e+00	4.901945e+00	
101	1.444220e-02	1.776175e+00	-1.17273e+00	1.776156e+00	
102	1.461547e-02	-3.31765e+00	1.839506e+00	-3.31766e+00	
103	1.479128e-02	-4.83273e+00	3.672030e+00	-4.83273e+00	
104	1.493848e-02	-1.88508e+00	3.566447e+00	-1.88507e+00	
105	1.506930e-02	2.109105e+00	2.548632e+00	2.109115e+00	
106	1.520680e-02	4.816955e+00	1.356777e+00	4.816963e+00	
107	1.532848e-02	4.404294e+00	6.937982e-01	4.404297e+00	
108	1.542422e-02	2.291634e+00	5.069232e-01	2.291634e+00	
109	1.549784e-02	6.789512e-02	4.786761e-01	6.789525e-02	
110	1.557028e-02	-2.13682e+00	4.301313e-01	-2.13682e+00	
111	1.566691e-02	-4.33395e+00	1.486988e-01	-4.33394e+00	
112	1.575815e-02	-4.99344e+00	-4.60089e-01	-4.99343e+00	

113	1.588475e-02	-3.31234e+00	-1.80711e+00	-3.31232e+00	
114	1.603207e-02	1.000791e+00	-3.49392e+00	1.000802e+00	
115	1.619667e-02	4.721952e+00	-4.28301e+00	4.721951e+00	
116	1.635638e-02	3.923966e+00	-3.13694e+00	3.923953e+00	
117	1.652274e-02	-7.11922e-01	-4.08567e-01	-7.11941e-01	
118	1.668432e-02	-4.58029e+00	2.231275e+00	-4.58030e+00	
119	1.685053e-02	-4.03526e+00	3.479517e+00	-4.03526e+00	
120	1.698435e-02	-4.90868e-01	3.186834e+00	-4.90862e-01	
121	1.711837e-02	3.385269e+00	2.276518e+00	3.385276e+00	
122	1.725673e-02	4.995528e+00	1.440830e+00	4.995532e+00	
123	1.735709e-02	3.910147e+00	1.155425e+00	3.910148e+00	
124	1.743902e-02	1.869340e+00	1.111082e+00	1.869340e+00	
125	1.752071e-02	-6.48693e-01	1.108966e+00	-6.48693e-01	
126	1.760051e-02	-2.95199e+00	9.996992e-01	-2.95199e+00	
127	1.775792e-02	-4.99381e+00	4.780633e-02	-4.99380e+00	
128	1.790386e-02	-2.83996e+00	-1.68133e+00	-2.83995e+00	
129	1.806818e-02	2.076942e+00	-3.68894e+00	2.076952e+00	
130	1.823043e-02	4.962267e+00	-4.37052e+00	4.962265e+00	
131	1.838357e-02	3.340087e+00	-3.14832e+00	3.340073e+00	
132	1.854235e-02	-1.31479e+00	-5.58142e-01	-1.31481e+00	
133	1.870644e-02	-4.81386e+00	1.983514e+00	-4.81388e+00	
134	1.886580e-02	-3.73382e+00	3.093129e+00	-3.73382e+00	
135	1.899389e-02	-1.91797e-01	2.883514e+00	-1.91792e-01	
136	1.912168e-02	3.461005e+00	2.195318e+00	3.461011e+00	
137	1.925370e-02	4.998648e+00	1.610766e+00	4.998651e+00	
138	1.935033e-02	4.039024e+00	1.470379e+00	4.039024e+00	
139	1.942901e-02	2.157022e+00	1.518910e+00	2.157021e+00	
140	1.950776e-02	-2.43750e-01	1.598491e+00	-2.43750e-01	
141	1.958761e-02	-2.61552e+00	1.564257e+00	-2.61551e+00	
142	1.974731e-02	-4.99929e+00	6.754614e-01	-4.99928e+00	
143	1.989283e-02	-3.11811e+00	-1.11343e+00	-3.11810e+00	
144	2.006314e-02	1.931896e+00	-3.43880e+00	1.931908e+00	
145	2.022256e-02	4.925845e+00	-4.45009e+00	4.925845e+00	
146	2.037778e-02	3.473333e+00	-3.53558e+00	3.473321e+00	
147	2.053922e-02	-1.21955e+00	-1.10853e+00	-1.21957e+00	
148	2.069765e-02	-4.73196e+00	1.327243e+00	-4.73198e+00	
149	2.085756e-02	-3.90095e+00	2.592392e+00	-3.90095e+00	
150	2.098363e-02	-5.13225e-01	2.576387e+00	-5.13222e-01	
151	2.109463e-02	2.800861e+00	2.151865e+00	2.800865e+00	
152	2.121168e-02	4.855778e+00	1.753418e+00	4.855780e+00	
153	2.130504e-02	4.703928e+00	1.671767e+00	4.703927e+00	
154	2.138918e-02	3.206908e+00	1.797264e+00	3.206906e+00	
155	2.147399e-02	8.136079e-01	2.006884e+00	8.136054e-01	
156	2.156593e-02	-2.01257e+00	2.125687e+00	-2.01257e+00	
157	2.173458e-02	-4.97655e+00	1.389967e+00	-4.97654e+00	
158	2.189059e-02	-3.17277e+00	-5.29823e-01	-3.17275e+00	
159	2.206094e-02	1.867929e+00	-3.05888e+00	1.867943e+00	
160	2.222139e-02	4.919410e+00	-4.37002e+00	4.919412e+00	
161	2.237789e-02	3.470657e+00	-3.74569e+00	3.470646e+00	
162	2.254026e-02	-1.25128e+00	-1.55390e+00	-1.25130e+00	
163	2.269252e-02	-4.67746e+00	6.736523e-01	-4.67747e+00	
164	2.285054e-02	-4.03507e+00	1.972645e+00	-4.03507e+00	
165	2.297296e-02	-8.45415e-01	2.094428e+00	-8.45413e-01	
166	2.307258e-02	2.202045e+00	1.856361e+00	2.202048e+00	
167	2.317118e-02	4.399243e+00	1.632686e+00	4.399245e+00	
168	2.326078e-02	4.988527e+00	1.621267e+00	4.988526e+00	
169	2.335265e-02	3.995526e+00	1.852070e+00	3.995522e+00	
170	2.345230e-02	1.476355e+00	2.262209e+00	1.476350e+00	

171	2.355984e-02	-1.83608e+00	2.590539e+00	-1.83608e+00	
172	2.370880e-02	-4.83337e+00	2.200816e+00	-4.83337e+00	
173	2.386558e-02	-3.73838e+00	4.328075e-01	-3.73836e+00	
174	2.403154e-02	9.842505e-01	-2.23307e+00	9.842670e-01	
175	2.419095e-02	4.659792e+00	-4.09633e+00	4.659799e+00	
176	2.435551e-02	3.940968e+00	-4.09750e+00	3.940961e+00	
177	2.449638e-02	1.136351e-01	-2.59210e+00	1.136206e-01	
178	2.464845e-02	-4.01618e+00	-4.41954e-01	-4.01620e+00	
179	2.479437e-02	-4.80691e+00	1.070114e+00	-4.80692e+00	
180	2.491669e-02	-2.49949e+00	1.544670e+00	-2.49949e+00	
181	2.502052e-02	6.428659e-01	1.500420e+00	6.428676e-01	
182	2.512326e-02	3.496733e+00	1.359669e+00	3.496734e+00	
183	2.524689e-02	4.999044e+00	1.448259e+00	4.999041e+00	
184	2.535373e-02	3.975138e+00	1.873932e+00	3.975132e+00	
185	2.547482e-02	7.877011e-01	2.551566e+00	7.876954e-01	
186	2.558436e-02	-2.52797e+00	2.958249e+00	-2.52797e+00	
187	2.576454e-02	-4.97915e+00	2.238412e+00	-4.97914e+00	
188	2.593983e-02	-1.84547e+00	-1.49721e-01	-1.84546e+00	
189	2.610260e-02	3.004694e+00	-2.73516e+00	3.004708e+00	
190	2.628670e-02	4.867628e+00	-4.10945e+00	4.867629e+00	
191	2.643755e-02	1.912109e+00	-3.40089e+00	1.912099e+00	
192	2.659060e-02	-2.69498e+00	-1.60958e+00	-2.69499e+00	
193	2.674031e-02	-4.99073e+00	4.195709e-02	-4.99074e+00	
194	2.688202e-02	-3.37626e+00	8.175435e-01	-3.37626e+00	
195	2.698665e-02	-4.18837e-01	8.973776e-01	-4.18836e-01	
196	2.706258e-02	1.915845e+00	8.423690e-01	1.915846e+00	
197	2.713372e-02	3.723742e+00	8.376455e-01	3.723742e+00	
198	2.723937e-02	4.988844e+00	1.094238e+00	4.988839e+00	
199	2.735530e-02	3.945060e+00	1.786798e+00	3.945052e+00	
200	2.748582e-02	4.449677e-01	2.787636e+00	4.449601e-01	
201	2.761193e-02	-3.23350e+00	3.390548e+00	-3.23351e+00	
202	2.776898e-02	-4.96450e+00	2.809594e+00	-4.96449e+00	
203	2.791850e-02	-2.44989e+00	7.952744e-01	-2.44987e+00	
204	2.808677e-02	2.592881e+00	-2.06465e+00	2.592898e+00	
205	2.825905e-02	4.991919e+00	-3.88608e+00	4.991923e+00	
206	2.841199e-02	2.626191e+00	-3.72111e+00	2.626184e+00	
207	2.854859e-02	-1.50298e+00	-2.43877e+00	-1.50299e+00	
208	2.869237e-02	-4.67576e+00	-8.79334e-01	-4.67577e+00	
209	2.883061e-02	-4.37221e+00	8.367056e-02	-4.37222e+00	
210	2.893671e-02	-1.93632e+00	3.309361e-01	-1.93632e+00	
211	2.901986e-02	6.222272e-01	3.420992e-01	6.222275e-01	
212	2.910138e-02	2.973993e+00	3.673372e-01	2.973992e+00	
213	2.919132e-02	4.663979e+00	5.833166e-01	4.663975e+00	
214	2.930293e-02	4.726052e+00	1.254348e+00	4.726043e+00	
215	2.944206e-02	1.780391e+00	2.516403e+00	1.780381e+00	
216	2.957451e-02	-2.25615e+00	3.556692e+00	-2.25616e+00	
217	2.975485e-02	-4.99767e+00	3.424588e+00	-4.99767e+00	
218	2.991402e-02	-2.57177e+00	1.495514e+00	-2.57176e+00	
219	3.008328e-02	2.498677e+00	-1.40872e+00	2.498695e+00	
220	3.024713e-02	4.999189e+00	-3.40475e+00	4.999196e+00	
221	3.039872e-02	2.971457e+00	-3.62524e+00	2.971453e+00	
222	3.052413e-02	-7.55197e-01	-2.75664e+00	-7.55206e-01	
223	3.065814e-02	-4.19004e+00	-1.49824e+00	-4.19005e+00	
224	3.079005e-02	-4.84249e+00	-5.92032e-01	-4.84250e+00	
225	3.089461e-02	-3.07420e+00	-3.04993e-01	-3.07420e+00	
226	3.097995e-02	-6.28162e-01	-2.83983e-01	-6.28162e-01	
227	3.106459e-02	1.974014e+00	-2.85072e-01	1.974014e+00	
228	3.114629e-02	3.975538e+00	-1.46537e-01	3.975535e+00	

229	3.122538e-02	4.940272e+00	2.287463e-01	4.940266e+00	
230	3.134942e-02	4.055685e+00	1.320542e+00	4.055674e+00	
231	3.148874e-02	3.533167e-01	2.878658e+00	3.533055e-01	
232	3.163878e-02	-3.82801e+00	3.985729e+00	-3.82801e+00	
233	3.180674e-02	-4.68562e+00	3.448934e+00	-4.68561e+00	
234	3.195930e-02	-1.26472e+00	1.316186e+00	-1.26470e+00	
235	3.212532e-02	3.542613e+00	-1.51268e+00	3.542629e+00	
236	3.230058e-02	4.749652e+00	-3.31178e+00	4.749657e+00	
237	3.244389e-02	1.726347e+00	-3.28792e+00	1.726342e+00	
238	3.256784e-02	-2.06725e+00	-2.47825e+00	-2.06725e+00	
239	3.269932e-02	-4.74867e+00	-1.52006e+00	-4.74868e+00	
240	3.280870e-02	-4.66374e+00	-1.02955e+00	-4.66374e+00	
241	3.290163e-02	-2.89735e+00	-9.08588e-01	-2.89735e+00	
242	3.297668e-02	-7.30039e-01	-9.34068e-01	-7.30038e-01	
243	3.305112e-02	1.578599e+00	-9.46461e-01	1.578598e+00	
244	3.316945e-02	4.373236e+00	-6.42103e-01	4.373231e+00	
245	3.328689e-02	4.866316e+00	2.538240e-01	4.866305e+00	
246	3.342248e-02	2.340259e+00	1.903623e+00	2.340245e+00	
247	3.357641e-02	-2.30937e+00	3.709374e+00	-2.30938e+00	
248	3.375834e-02	-4.99313e+00	4.194452e+00	-4.99313e+00	
249	3.391156e-02	-2.63754e+00	2.691283e+00	-2.63753e+00	
250	3.407539e-02	2.280764e+00	-2.93879e-02	2.280782e+00	
251	3.423876e-02	4.987544e+00	-2.30391e+00	4.987554e+00	
252	3.439462e-02	3.074058e+00	-3.04794e+00	3.074058e+00	
253	3.451757e-02	-5.50802e-01	-2.68046e+00	-5.50807e-01	
254	3.463977e-02	-3.84794e+00	-1.99495e+00	-3.84794e+00	
255	3.478942e-02	-4.84739e+00	-1.43746e+00	-4.84739e+00	
256	3.488799e-02	-3.23553e+00	-1.39196e+00	-3.23553e+00	
257	3.495689e-02	-1.33777e+00	-1.46967e+00	-1.33777e+00	
258	3.502908e-02	9.083899e-01	-1.53877e+00	9.083904e-01	
259	3.513221e-02	3.692055e+00	-1.38929e+00	3.692051e+00	
260	3.528858e-02	4.853804e+00	-2.37296e-01	4.853793e+00	
261	3.543826e-02	1.891197e+00	1.753550e+00	1.891182e+00	
262	3.560136e-02	-2.97342e+00	3.800593e+00	-2.97343e+00	
263	3.578535e-02	-4.87720e+00	4.265027e+00	-4.87720e+00	
264	3.593511e-02	-1.98263e+00	2.767711e+00	-1.98261e+00	
265	3.609582e-02	2.831576e+00	1.889561e-01	2.831593e+00	
266	3.626128e-02	4.987456e+00	-1.95045e+00	4.987465e+00	
267	3.641379e-02	2.577890e+00	-2.61276e+00	2.577890e+00	
268	3.653008e-02	-9.39291e-01	-2.35659e+00	-9.39295e-01	
269	3.664524e-02	-3.95548e+00	-1.90272e+00	-3.95548e+00	
270	3.676707e-02	-4.97128e+00	-1.64451e+00	-4.97128e+00	
271	3.686085e-02	-3.83541e+00	-1.71907e+00	-3.83541e+00	
272	3.694545e-02	-1.68050e+00	-1.92771e+00	-1.68049e+00	
273	3.703705e-02	1.153628e+00	-2.11609e+00	1.153629e+00	
274	3.715572e-02	4.148115e+00	-1.93526e+00	4.148110e+00	
275	3.730583e-02	4.695548e+00	-6.46445e-01	4.695536e+00	
276	3.746678e-02	1.036194e+00	1.726793e+00	1.036178e+00	
277	3.762576e-02	-3.55240e+00	3.856780e+00	-3.55241e+00	
278	3.782548e-02	-4.44819e+00	4.280304e+00	-4.44819e+00	
279	3.797302e-02	-8.43668e-01	2.734679e+00	-8.43653e-01	
280	3.813390e-02	3.727641e+00	3.086114e-01	3.727656e+00	
281	3.828340e-02	4.890333e+00	-1.41211e+00	4.890340e+00	
282	3.841151e-02	2.638954e+00	-1.97340e+00	2.638955e+00	
283	3.852074e-02	-6.49629e-01	-1.89537e+00	-6.49632e-01	
284	3.862894e-02	-3.62188e+00	-1.66579e+00	-3.62189e+00	
285	3.874701e-02	-4.99912e+00	-1.62377e+00	-4.99912e+00	
286	3.884166e-02	-4.19341e+00	-1.86674e+00	-4.19340e+00	

287	3.895095e-02	-1.51679e+00	-2.33963e+00	-1.51678e+00	
288	3.905344e-02	1.647419e+00	-2.68974e+00	1.647421e+00	
289	3.920133e-02	4.768046e+00	-2.37181e+00	4.768040e+00	
290	3.935850e-02	3.882404e+00	-6.46402e-01	3.882389e+00	
291	3.952451e-02	-7.67001e-01	2.054801e+00	-7.67018e-01	
292	3.968494e-02	-4.58798e+00	4.041974e+00	-4.58799e+00	
293	3.985238e-02	-4.00062e+00	4.169438e+00	-4.00061e+00	
294	3.999130e-02	-2.73199e-01	2.757834e+00	-2.73185e-01	
295	4.014274e-02	3.906861e+00	6.431944e-01	3.906875e+00	
296	4.028922e-02	4.848974e+00	-9.05513e-01	4.848981e+00	
297	4.041133e-02	2.643793e+00	-1.42707e+00	2.643795e+00	
298	4.051486e-02	-4.66114e-01	-1.42398e+00	-4.66115e-01	
299	4.061727e-02	-3.35981e+00	-1.31609e+00	-3.35981e+00	
300	4.073285e-02	-4.97099e+00	-1.41352e+00	-4.97099e+00	
301	4.083773e-02	-4.25948e+00	-1.83613e+00	-4.25947e+00	
302	4.096119e-02	-1.20713e+00	-2.56775e+00	-1.20712e+00	
303	4.107336e-02	2.223961e+00	-3.06021e+00	2.223964e+00	
304	4.124233e-02	4.994190e+00	-2.57015e+00	4.994181e+00	
305	4.140215e-02	2.884071e+00	-5.37661e-01	2.884053e+00	
306	4.157124e-02	-2.16419e+00	2.281803e+00	-2.16420e+00	
307	4.173686e-02	-4.98297e+00	4.047439e+00	-4.98298e+00	
308	4.189246e-02	-3.12729e+00	3.868079e+00	-3.12728e+00	
309	4.203259e-02	1.016770e+00	2.420598e+00	1.016783e+00	
310	4.218012e-02	4.525752e+00	5.998735e-01	4.525763e+00	
311	4.232140e-02	4.505219e+00	-5.63483e-01	4.505224e+00	
312	4.243396e-02	2.015653e+00	-8.80474e-01	2.015653e+00	
313	4.252621e-02	-8.19685e-01	-8.70806e-01	-8.19686e-01	
314	4.261697e-02	-3.35272e+00	-8.50089e-01	-3.35272e+00	
315	4.274938e-02	-4.99996e+00	-1.17102e+00	-4.99996e+00	
316	4.287880e-02	-3.45022e+00	-1.97794e+00	-3.45022e+00	
317	4.300943e-02	2.961475e-01	-2.94120e+00	2.961543e-01	
318	4.314084e-02	3.869308e+00	-3.38162e+00	3.869308e+00	
319	4.329184e-02	4.828226e+00	-2.53442e+00	4.828215e+00	
320	4.345728e-02	1.325953e+00	-9.26033e-02	1.325934e+00	
321	4.361639e-02	-3.33918e+00	2.550591e+00	-3.33920e+00	
322	4.379434e-02	-4.80720e+00	4.024866e+00	-4.80721e+00	
323	4.394163e-02	-1.79287e+00	3.513634e+00	-1.79286e+00	
324	4.409101e-02	2.705986e+00	1.962843e+00	2.705998e+00	
325	4.423649e-02	4.981998e+00	4.820895e-01	4.982006e+00	
326	4.438105e-02	3.398633e+00	-2.86085e-01	3.398635e+00	
327	4.448076e-02	6.030744e-01	-4.04378e-01	6.030745e-01	
328	4.458011e-02	-2.41188e+00	-4.30093e-01	-2.41188e+00	
329	4.466997e-02	-4.38114e+00	-5.91605e-01	-4.38114e+00	
330	4.478174e-02	-4.90090e+00	-1.17219e+00	-4.90089e+00	
331	4.492238e-02	-2.34309e+00	-2.38068e+00	-2.34308e+00	
332	4.505265e-02	1.624150e+00	-3.45225e+00	1.624157e+00	
333	4.522044e-02	4.913981e+00	-3.59662e+00	4.913977e+00	
334	4.537658e-02	3.500300e+00	-1.98786e+00	3.500284e+00	
335	4.554503e-02	-1.39577e+00	8.949942e-01	-1.39579e+00	
336	4.570701e-02	-4.81874e+00	3.208513e+00	-4.81875e+00	
337	4.587252e-02	-3.59012e+00	3.823332e+00	-3.59012e+00	
338	4.600468e-02	1.470381e-01	3.020731e+00	1.470476e-01	
339	4.613648e-02	3.781184e+00	1.736335e+00	3.781194e+00	
340	4.626656e-02	4.972945e+00	7.004111e-01	4.972950e+00	
341	4.637280e-02	3.584131e+00	2.862531e-01	3.584133e+00	
342	4.646368e-02	1.131094e+00	2.019489e-01	1.131094e+00	
343	4.653404e-02	-1.06115e+00	2.001488e-01	-1.06115e+00	
344	4.660481e-02	-3.05987e+00	1.383563e-01	-3.05987e+00	

345	4.667374e-02	-4.43697e+00	-6.61288e-02	-4.43697e+00	
346	4.676535e-02	-4.97675e+00	-6.40083e-01	-4.97674e+00	
347	4.689639e-02	-3.02981e+00	-1.95471e+00	-3.02980e+00	
348	4.703837e-02	1.193758e+00	-3.45087e+00	1.193767e+00	
349	4.720615e-02	4.811402e+00	-4.05552e+00	4.811400e+00	
350	4.736351e-02	3.781264e+00	-2.77588e+00	3.781249e+00	
351	4.752787e-02	-8.71034e-01	-5.44470e-02	-8.71053e-01	
352	4.769006e-02	-4.64958e+00	2.490470e+00	-4.64959e+00	
353	4.785332e-02	-3.98290e+00	3.547842e+00	-3.98290e+00	
354	4.798630e-02	-4.29864e-01	3.122842e+00	-4.29857e-01	
355	4.811940e-02	3.408935e+00	2.107340e+00	3.408944e+00	
356	4.826615e-02	4.974291e+00	1.153550e+00	4.974296e+00	
357	4.837114e-02	3.620130e+00	8.500823e-01	3.620131e+00	
358	4.845410e-02	1.421990e+00	8.119915e-01	1.421990e+00	
359	4.853655e-02	-1.13814e+00	8.092056e-01	-1.13814e+00	
360	4.862449e-02	-3.52423e+00	6.633731e-01	-3.52422e+00	
361	4.875168e-02	-4.99972e+00	-8.70878e-02	-4.99971e+00	
362	4.889858e-02	-2.97497e+00	-1.71212e+00	-2.97495e+00	
363	4.904880e-02	1.509302e+00	-3.50309e+00	1.509312e+00	
364	4.921561e-02	4.883744e+00	-4.27132e+00	4.883743e+00	
365	4.937225e-02	3.596014e+00	-3.09523e+00	3.596000e+00	
366	4.953452e-02	-1.07591e+00	-4.69491e-01	-1.07593e+00	
367	4.969638e-02	-4.71887e+00	2.065179e+00	-4.71889e+00	
368	4.985806e-02	-3.89104e+00	3.206378e+00	-3.89104e+00	
369	4.998831e-02	-3.66911e-01	2.953024e+00	-3.66905e-01	
370	5.011849e-02	3.388031e+00	2.169198e+00	3.388038e+00	
371	5.025340e-02	4.998857e+00	1.480205e+00	4.998861e+00	
372	5.035263e-02	3.996032e+00	1.285341e+00	3.996033e+00	
373	5.043352e-02	2.028313e+00	1.307611e+00	2.028312e+00	
374	5.051445e-02	-4.53238e-01	1.368030e+00	-4.53238e-01	
375	5.059447e-02	-2.79669e+00	1.314970e+00	-2.79669e+00	
376	5.075452e-02	-4.99798e+00	4.092756e-01	-4.99797e+00	
377	5.089994e-02	-2.94057e+00	-1.33797e+00	-2.94055e+00	
378	5.106732e-02	2.052459e+00	-3.49919e+00	2.052470e+00	
379	5.122785e-02	4.951669e+00	-4.34970e+00	4.951668e+00	
380	5.138146e-02	3.389183e+00	-3.30439e+00	3.389170e+00	
381	5.154085e-02	-1.26931e+00	-8.42636e-01	-1.26933e+00	
382	5.170146e-02	-4.76925e+00	1.600679e+00	-4.76926e+00	
383	5.186020e-02	-3.84860e+00	2.764491e+00	-3.84860e+00	
384	5.198689e-02	-4.11531e-01	2.652302e+00	-4.11527e-01	
385	5.211341e-02	3.268940e+00	2.077539e+00	3.268945e+00	
386	5.223424e-02	4.975503e+00	1.622940e+00	4.975505e+00	
387	5.232973e-02	4.385570e+00	1.536124e+00	4.385569e+00	
388	5.241182e-02	2.630757e+00	1.647595e+00	2.630755e+00	
389	5.249428e-02	1.796986e-01	1.813375e+00	1.796968e-01	
390	5.258468e-02	-2.53649e+00	1.859797e+00	-2.53649e+00	
391	5.273394e-02	-4.97457e+00	1.147196e+00	-4.97456e+00	
392	5.289254e-02	-3.12525e+00	-7.65779e-01	-3.12524e+00	
393	5.305278e-02	1.627858e+00	-3.08625e+00	1.627871e+00	
394	5.321909e-02	4.905975e+00	-4.37034e+00	4.905977e+00	
395	5.337745e-02	3.480667e+00	-3.64364e+00	3.480656e+00	
396	5.354112e-02	-1.27762e+00	-1.34797e+00	-1.27764e+00	
397	5.369482e-02	-4.70246e+00	9.316228e-01	-4.70248e+00	
398	5.385400e-02	-3.97004e+00	2.204272e+00	-3.97004e+00	
399	5.397772e-02	-6.97737e-01	2.262510e+00	-6.97735e-01	
400	5.407870e-02	2.372934e+00	1.959792e+00	2.372938e+00	
401	5.418689e-02	4.612042e+00	1.664252e+00	4.612044e+00	
402	5.427923e-02	4.915892e+00	1.628858e+00	4.915891e+00	

403	5.436681e-02	3.712655e+00	1.820656e+00	3.712651e+00	
404	5.446218e-02	1.177059e+00	2.158351e+00	1.177055e+00	
405	5.456434e-02	-1.96663e+00	2.402680e+00	-1.96663e+00	
406	5.472249e-02	-4.92547e+00	1.866890e+00	-4.92546e+00	
407	5.488893e-02	-3.21287e+00	-1.16458e-01	-3.21285e+00	
408	5.505114e-02	1.578959e+00	-2.64265e+00	1.578974e+00	
409	5.521641e-02	4.889023e+00	-4.23023e+00	4.889027e+00	
410	5.537573e-02	3.519191e+00	-3.83690e+00	3.519182e+00	
411	5.552255e-02	-7.06118e-01	-2.04254e+00	-7.06133e-01	
412	5.567650e-02	-4.47626e+00	1.360641e-01	-4.47627e+00	
413	5.582951e-02	-4.38886e+00	1.494163e+00	-4.38887e+00	
414	5.595069e-02	-1.52441e+00	1.747139e+00	-1.52441e+00	
415	5.605034e-02	1.555168e+00	1.596576e+00	1.555170e+00	
416	5.614795e-02	4.006910e+00	1.428946e+00	4.006911e+00	
417	5.624644e-02	4.998747e+00	1.468888e+00	4.998745e+00	
418	5.634738e-02	4.092956e+00	1.809701e+00	4.092951e+00	
419	5.645765e-02	1.314690e+00	2.380806e+00	1.314685e+00	
420	5.657092e-02	-2.15491e+00	2.811899e+00	-2.15491e+00	
421	5.673018e-02	-4.96130e+00	2.366363e+00	-4.96129e+00	
422	5.688739e-02	-3.24997e+00	4.742732e-01	-3.24996e+00	
423	5.705460e-02	1.681983e+00	-2.25015e+00	1.681999e+00	
424	5.721541e-02	4.882381e+00	-4.02603e+00	4.882387e+00	
425	5.737380e-02	3.562155e+00	-3.92906e+00	3.562148e+00	
426	5.751396e-02	-4.38093e-01	-2.46553e+00	-4.38106e-01	
427	5.766289e-02	-4.26965e+00	-5.09796e-01	-4.26966e+00	
428	5.780551e-02	-4.69894e+00	8.002221e-01	-4.69895e+00	
429	5.792295e-02	-2.32707e+00	1.180714e+00	-2.32707e+00	
430	5.802148e-02	6.726651e-01	1.142834e+00	6.726665e-01	
431	5.811879e-02	3.394813e+00	1.054353e+00	3.394813e+00	
432	5.825563e-02	4.996868e+00	1.275967e+00	4.996864e+00	
433	5.838747e-02	3.247954e+00	1.979649e+00	3.247947e+00	
434	5.850944e-02	-2.96355e-01	2.764557e+00	-2.96361e-01	
435	5.863800e-02	-3.81223e+00	3.109148e+00	-3.81223e+00	
436	5.878615e-02	-4.87156e+00	2.259822e+00	-4.87155e+00	
437	5.895199e-02	-1.48542e+00	-1.37134e-01	-1.48540e+00	
438	5.910953e-02	3.175746e+00	-2.68778e+00	3.175761e+00	
439	5.928778e-02	4.859789e+00	-4.08085e+00	4.859790e+00	
440	5.943627e-02	1.949048e+00	-3.47018e+00	1.949039e+00	
441	5.958704e-02	-2.60007e+00	-1.78482e+00	-2.60008e+00	
442	5.973534e-02	-4.97881e+00	-1.78395e-01	-4.97882e+00	
443	5.987534e-02	-3.52796e+00	6.086390e-01	-3.52797e+00	
444	5.997889e-02	-6.61174e-01	7.189963e-01	-6.61173e-01	
445	6.005101e-02	1.575134e+00	6.864673e-01	1.575135e+00	
446	6.012190e-02	3.465985e+00	6.941989e-01	3.465985e+00	
447	6.024901e-02	4.999904e+00	1.061586e+00	4.999899e+00	
448	6.036370e-02	3.777349e+00	1.831136e+00	3.777340e+00	
449	6.048894e-02	3.471300e-01	2.860520e+00	3.471220e-01	
450	6.062165e-02	-3.46033e+00	3.510181e+00	-3.46033e+00	
451	6.077896e-02	-4.91744e+00	2.872124e+00	-4.91743e+00	
452	6.093160e-02	-2.08328e+00	7.483485e-01	-2.08326e+00	
453	6.109818e-02	2.892513e+00	-2.09501e+00	2.892529e+00	
454	6.127811e-02	4.922240e+00	-3.88791e+00	4.922244e+00	
455	6.142959e-02	2.140439e+00	-3.62126e+00	2.140431e+00	
456	6.156694e-02	-2.04146e+00	-2.33595e+00	-2.04147e+00	
457	6.171050e-02	-4.84682e+00	-8.82956e-01	-4.84683e+00	
458	6.184821e-02	-4.07781e+00	-4.94953e-02	-4.07781e+00	
459	6.194978e-02	-1.55178e+00	1.382719e-01	-1.55178e+00	
460	6.201890e-02	5.924645e-01	1.507936e-01	5.924645e-01	

461	6.209135e-02	2.714765e+00	1.872434e-01	2.714764e+00	
462	6.215755e-02	4.179868e+00	3.260690e-01	4.179865e+00	
463	6.225410e-02	4.998342e+00	8.177454e-01	4.998335e+00	
464	6.239520e-02	3.059522e+00	2.067424e+00	3.059511e+00	
465	6.252714e-02	-8.48460e-01	3.337664e+00	-8.48469e-01	
466	6.269153e-02	-4.66632e+00	3.886518e+00	-4.66632e+00	
467	6.284914e-02	-4.06097e+00	2.640288e+00	-4.06095e+00	
468	6.301527e-02	4.788423e-01	-9.46134e-02	4.788613e-01	
469	6.317670e-02	4.479054e+00	-2.66058e+00	4.479066e+00	
470	6.334256e-02	4.178056e+00	-3.74465e+00	4.178056e+00	
471	6.347850e-02	6.732686e-01	-3.23743e+00	6.732609e-01	
472	6.361488e-02	-3.30366e+00	-2.05633e+00	-3.30367e+00	
473	6.376482e-02	-4.97835e+00	-9.19805e-01	-4.97835e+00	
474	6.387415e-02	-3.55445e+00	-5.20486e-01	-3.55445e+00	
475	6.396128e-02	-1.20446e+00	-4.43184e-01	-1.20446e+00	
476	6.404764e-02	1.474415e+00	-4.16897e-01	1.474414e+00	
477	6.413564e-02	3.763737e+00	-2.54250e-01	3.763733e+00	
478	6.422794e-02	4.952045e+00	2.226702e-01	4.952038e+00	
479	6.435776e-02	3.897098e+00	1.457499e+00	3.897086e+00	
480	6.450196e-02	-6.17304e-02	3.125841e+00	-6.17417e-02	
481	6.465425e-02	-4.12217e+00	4.180405e+00	-4.12217e+00	
482	6.481919e-02	-4.53496e+00	3.490594e+00	-4.53495e+00	
483	6.497535e-02	-7.71463e-01	1.178011e+00	-7.71445e-01	
484	6.514023e-02	3.857111e+00	-1.66315e+00	3.857126e+00	
485	6.531309e-02	4.612260e+00	-3.37810e+00	4.612264e+00	
486	6.545361e-02	1.436892e+00	-3.32235e+00	1.436887e+00	
487	6.557890e-02	-2.37848e+00	-2.51916e+00	-2.37849e+00	
488	6.571022e-02	-4.84459e+00	-1.60924e+00	-4.84460e+00	
489	6.581256e-02	-4.61871e+00	-1.17884e+00	-4.61871e+00	
490	6.590231e-02	-2.87990e+00	-1.06059e+00	-2.87990e+00	
491	6.597492e-02	-7.84507e-01	-1.07082e+00	-7.84507e-01	
492	6.604699e-02	1.454971e+00	-1.06459e+00	1.454971e+00	
493	6.616572e-02	4.315175e+00	-7.27800e-01	4.315170e+00	
494	6.629001e-02	4.842870e+00	2.748919e-01	4.842859e+00	
495	6.642949e-02	2.143264e+00	2.043812e+00	2.143249e+00	
496	6.658525e-02	-2.55209e+00	3.888024e+00	-2.55210e+00	
497	6.677212e-02	-4.95178e+00	4.271743e+00	-4.95178e+00	
498	6.692463e-02	-2.28042e+00	2.646200e+00	-2.28041e+00	
499	6.709091e-02	2.703108e+00	-1.65487e-01	2.703126e+00	
500	6.725557e-02	4.996939e+00	-2.39519e+00	4.996948e+00	
501	6.741120e-02	2.647220e+00	-3.05246e+00	2.647219e+00	
502	6.753193e-02	-9.96456e-01	-2.67838e+00	-9.96461e-01	
503	6.765158e-02	-4.07400e+00	-2.05323e+00	-4.07401e+00	
504	6.777045e-02	-4.95878e+00	-1.63304e+00	-4.95878e+00	
505	6.786270e-02	-3.79793e+00	-1.57165e+00	-3.79793e+00	
506	6.793717e-02	-1.92290e+00	-1.65207e+00	-1.92289e+00	
507	6.801157e-02	3.633026e-01	-1.74162e+00	3.633035e-01	
508	6.810055e-02	2.952981e+00	-1.68490e+00	2.952979e+00	
509	6.824308e-02	4.995277e+00	-8.47982e-01	4.995267e+00	
510	6.840096e-02	2.914435e+00	1.143204e+00	2.914419e+00	
511	6.855967e-02	-1.83100e+00	3.403738e+00	-1.83102e+00	
512	6.873237e-02	-4.96935e+00	4.527757e+00	-4.96935e+00	
513	6.889031e-02	-3.17965e+00	3.539854e+00	-3.17963e+00	
514	6.905296e-02	1.633346e+00	1.073555e+00	1.633364e+00	
515	6.921140e-02	4.853668e+00	-1.30407e+00	4.853680e+00	
516	6.936998e-02	3.645362e+00	-2.48909e+00	3.645365e+00	
517	6.949354e-02	2.029361e-01	-2.47400e+00	2.029333e-01	
518	6.960114e-02	-2.96781e+00	-2.11518e+00	-2.96781e+00	

519	6.971521e-02	-4.88105e+00	-1.80654e+00	-4.88105e+00	
520	6.980674e-02	-4.68564e+00	-1.78652e+00	-4.68564e+00	
521	6.989000e-02	-3.18706e+00	-1.95374e+00	-3.18706e+00	
522	6.998034e-02	-6.16195e-01	-2.20560e+00	-6.16192e-01	
523	7.007641e-02	2.309440e+00	-2.32218e+00	2.309440e+00	
524	7.023706e-02	4.983477e+00	-1.55632e+00	4.983468e+00	
525	7.040552e-02	2.796933e+00	6.209625e-01	2.796916e+00	
526	7.056772e-02	-2.06398e+00	3.115257e+00	-2.06400e+00	
527	7.074145e-02	-4.99279e+00	4.470340e+00	-4.99279e+00	
528	7.089864e-02	-2.97346e+00	3.700044e+00	-2.97345e+00	
529	7.105994e-02	1.838832e+00	1.476252e+00	1.838849e+00	
530	7.121380e-02	4.871211e+00	-6.86145e-01	4.871223e+00	
531	7.136857e-02	3.675451e+00	-1.84549e+00	3.675454e+00	
532	7.148662e-02	4.199896e-01	-1.94887e+00	4.199881e-01	
533	7.158152e-02	-2.45059e+00	-1.77293e+00	-2.45059e+00	
534	7.167332e-02	-4.43080e+00	-1.63900e+00	-4.43081e+00	
535	7.176058e-02	-4.98896e+00	-1.69699e+00	-4.98895e+00	
536	7.186837e-02	-3.67969e+00	-2.05450e+00	-3.67969e+00	
537	7.196878e-02	-9.74389e-01	-2.52254e+00	-9.74385e-01	
538	7.208454e-02	2.532893e+00	-2.83273e+00	2.532893e+00	
539	7.226377e-02	4.981309e+00	-1.96567e+00	4.981299e+00	
540	7.244312e-02	1.748996e+00	5.469050e-01	1.748978e+00	
541	7.260509e-02	-3.06687e+00	3.083195e+00	-3.06689e+00	
542	7.279387e-02	-4.81121e+00	4.301269e+00	-4.81121e+00	
543	7.294526e-02	-1.68589e+00	3.375486e+00	-1.68588e+00	
544	7.309880e-02	2.908469e+00	1.403291e+00	2.908483e+00	
545	7.325461e-02	4.997898e+00	-3.92240e-01	4.997907e+00	
546	7.339911e-02	2.961411e+00	-1.17218e+00	2.961413e+00	
547	7.350420e-02	-1.31965e-01	-1.23332e+00	-1.31966e-01	
548	7.360839e-02	-3.14790e+00	-1.17431e+00	-3.14790e+00	
549	7.370726e-02	-4.82077e+00	-1.27565e+00	-4.82077e+00	
550	7.381037e-02	-4.64460e+00	-1.69463e+00	-4.64459e+00	
551	7.393630e-02	-1.94826e+00	-2.51177e+00	-1.94825e+00	
552	7.405423e-02	1.670989e+00	-3.17747e+00	1.670993e+00	
553	7.421388e-02	4.871818e+00	-3.01253e+00	4.871812e+00	
554	7.437161e-02	3.609927e+00	-1.25502e+00	3.609910e+00	
555	7.454039e-02	-1.25521e+00	1.615975e+00	-1.25523e+00	
556	7.470220e-02	-4.77622e+00	3.758150e+00	-4.77623e+00	
557	7.488225e-02	-3.37079e+00	4.020267e+00	-3.37078e+00	
558	7.501948e-02	6.103792e-01	2.785995e+00	6.103915e-01	
559	7.516661e-02	4.329218e+00	1.040006e+00	4.329229e+00	
560	7.530890e-02	4.661472e+00	-1.78783e-01	4.661478e+00	
561	7.542049e-02	2.395266e+00	-5.68918e-01	2.395268e+00	
562	7.551162e-02	-3.64849e-01	-6.22233e-01	-3.64849e-01	
563	7.560138e-02	-2.97391e+00	-6.50473e-01	-2.97390e+00	
564	7.571902e-02	-4.90557e+00	-9.58948e-01	-4.90556e+00	
565	7.584628e-02	-4.11262e+00	-1.78152e+00	-4.11261e+00	
566	7.598218e-02	-5.58636e-01	-2.92950e+00	-5.58627e-01	
567	7.611090e-02	3.208972e+00	-3.63347e+00	3.208975e+00	
568	7.627938e-02	4.915070e+00	-3.00763e+00	4.915060e+00	
569	7.643248e-02	2.058024e+00	-8.51878e-01	2.058006e+00	
570	7.660318e-02	-3.01905e+00	2.098404e+00	-3.01906e+00	
571	7.678063e-02	-4.90769e+00	3.901992e+00	-4.90770e+00	
572	7.693109e-02	-2.09781e+00	3.676208e+00	-2.09780e+00	
573	7.706769e-02	2.062872e+00	2.435225e+00	2.062883e+00	
574	7.721035e-02	4.845617e+00	1.015606e+00	4.845626e+00	
575	7.734577e-02	4.121716e+00	1.908453e-01	4.121720e+00	
576	7.744599e-02	1.664362e+00	-1.52962e-02	1.664363e+00	

577	7.749189e-02	2.545664e-01	-3.48164e-02	2.545666e-01	
578	7.753183e-02	-9.93294e-01	-4.54010e-02	-9.93294e-01	
579	7.757554e-02	-2.28501e+00	-7.49425e-02	-2.28501e+00	
580	7.762800e-02	-3.60165e+00	-1.67351e-01	-3.60165e+00	
581	7.770364e-02	-4.78940e+00	-4.67507e-01	-4.78940e+00	
582	7.782617e-02	-4.43829e+00	-1.40929e+00	-4.43828e+00	
583	7.796193e-02	-1.18477e+00	-2.82260e+00	-1.18476e+00	
584	7.810816e-02	3.142324e+00	-3.94740e+00	3.142329e+00	
585	7.830687e-02	4.684219e+00	-3.34901e+00	4.684208e+00	
586	7.846454e-02	1.104951e+00	-1.05613e+00	1.104932e+00	
587	7.863977e-02	-3.84796e+00	1.919478e+00	-3.84797e+00	
588	7.882174e-02	-4.50064e+00	3.575915e+00	-4.50064e+00	
589	7.896436e-02	-1.11044e+00	3.339019e+00	-1.11043e+00	
590	7.910832e-02	3.146337e+00	2.271683e+00	3.146346e+00	
591	7.924064e-02	4.991347e+00	1.319493e+00	4.991353e+00	
592	7.934356e-02	4.160582e+00	9.167274e-01	4.160584e+00	
593	7.943178e-02	2.078078e+00	8.161823e-01	2.078079e+00	
594	7.950124e-02	-3.88341e-02	8.110112e-01	-3.88340e-02	
595	7.956555e-02	-2.00166e+00	7.733377e-01	-2.00166e+00	
596	7.967132e-02	-4.40135e+00	4.368263e-01	-4.40134e+00	
597	7.978472e-02	-4.88149e+00	-4.50265e-01	-4.88148e+00	
598	7.992083e-02	-2.38578e+00	-2.09158e+00	-2.38577e+00	
599	8.007334e-02	2.223253e+00	-3.84030e+00	2.223262e+00	
600	8.025594e-02	4.996516e+00	-4.25579e+00	4.996511e+00	
601	8.040983e-02	2.683725e+00	-2.66554e+00	2.683709e+00	
602	8.057662e-02	-2.31510e+00	1.926188e-01	-2.31512e+00	
603	8.074057e-02	-4.99123e+00	2.522954e+00	-4.99124e+00	
604	8.089812e-02	-2.98661e+00	3.261058e+00	-2.98661e+00	
605	8.102243e-02	7.023743e-01	2.845486e+00	7.023802e-01	
606	8.114591e-02	3.968283e+00	2.100211e+00	3.968289e+00	
607	8.128631e-02	4.870430e+00	1.499105e+00	4.870433e+00	
608	8.138241e-02	3.367087e+00	1.387923e+00	3.367087e+00	
609	8.145351e-02	1.439864e+00	1.422294e+00	1.439863e+00	
610	8.152409e-02	-7.54044e-01	1.454183e+00	-7.54044e-01	
611	8.162047e-02	-3.43357e+00	1.299278e+00	-3.43357e+00	
612	8.177833e-02	-4.92101e+00	1.696248e-01	-4.92100e+00	
613	8.192761e-02	-2.19651e+00	-1.78405e+00	-2.19650e+00	
614	8.209212e-02	2.735249e+00	-3.85676e+00	2.735259e+00	
615	8.226956e-02	4.962289e+00	-4.38665e+00	4.962285e+00	
616	8.242066e-02	2.390666e+00	-2.93205e+00	2.390651e+00	
617	8.258084e-02	-2.43177e+00	-2.97744e-01	-2.43178e+00	
618	8.274669e-02	-4.99892e+00	2.012676e+00	-4.99893e+00	
619	8.290154e-02	-2.89964e+00	2.819514e+00	-2.89964e+00	
620	8.302168e-02	6.790238e-01	2.578453e+00	6.790281e-01	
621	8.314096e-02	3.871814e+00	2.062940e+00	3.871819e+00	
622	8.327804e-02	4.922600e+00	1.703042e+00	4.922601e+00	
623	8.337293e-02	3.581168e+00	1.731528e+00	3.581167e+00	
624	8.344326e-02	1.745030e+00	1.858680e+00	1.745028e+00	
625	8.352986e-02	-9.32433e-01	1.984853e+00	-9.32434e-01	
626	8.363984e-02	-3.84929e+00	1.813476e+00	-3.84929e+00	
627	8.378824e-02	-4.85634e+00	6.188311e-01	-4.85632e+00	
628	8.394935e-02	-1.56446e+00	-1.69086e+00	-1.56445e+00	
629	8.410816e-02	3.142351e+00	-3.86024e+00	3.142362e+00	
630	8.430878e-02	4.662886e+00	-4.41493e+00	4.662881e+00	
631	8.446013e-02	1.239396e+00	-2.85816e+00	1.239380e+00	
632	8.462172e-02	-3.46196e+00	-3.27673e-01	-3.46197e+00	
633	8.478860e-02	-4.85363e+00	1.677694e+00	-4.85364e+00	
634	8.492273e-02	-2.33315e+00	2.248753e+00	-2.33315e+00	

635	8.503251e-02	1.014174e+00	2.135234e+00	1.014176e+00	
636	8.514074e-02	3.867432e+00	1.879299e+00	3.867434e+00	
637	8.527439e-02	4.941418e+00	1.822672e+00	4.941416e+00	
638	8.536802e-02	3.687047e+00	2.047074e+00	3.687043e+00	
639	8.546020e-02	1.237317e+00	2.381198e+00	1.237313e+00	
640	8.556104e-02	-1.87107e+00	2.615127e+00	-1.87107e+00	
641	8.571775e-02	-4.89767e+00	2.054059e+00	-4.89766e+00	
642	8.589198e-02	-3.13882e+00	-1.08188e-01	-3.13881e+00	
643	8.605288e-02	1.630979e+00	-2.71911e+00	1.630995e+00	
644	8.622419e-02	4.934418e+00	-4.40379e+00	4.934422e+00	
645	8.638484e-02	3.310382e+00	-3.96966e+00	3.310372e+00	
646	8.653251e-02	-1.01411e+00	-2.12750e+00	-1.01412e+00	
647	8.668722e-02	-4.61599e+00	6.823645e-02	-4.61600e+00	
648	8.683980e-02	-4.22502e+00	1.421725e+00	-4.22503e+00	
649	8.695870e-02	-1.28300e+00	1.702774e+00	-1.28300e+00	
650	8.705624e-02	1.730414e+00	1.614768e+00	1.730416e+00	
651	8.715158e-02	4.074047e+00	1.522631e+00	4.074048e+00	
652	8.724232e-02	4.994178e+00	1.614698e+00	4.994176e+00	
653	8.734632e-02	4.111887e+00	2.008425e+00	4.111882e+00	
654	8.745726e-02	1.326575e+00	2.611735e+00	1.326569e+00	
655	8.757352e-02	-2.22855e+00	3.048627e+00	-2.22855e+00	
656	8.773854e-02	-4.98705e+00	2.485993e+00	-4.98704e+00	
657	8.789664e-02	-3.02363e+00	4.323841e-01	-3.02361e+00	
658	8.806765e-02	2.061792e+00	-2.45034e+00	2.061809e+00	
659	8.823287e-02	4.971056e+00	-4.22539e+00	4.971061e+00	
660	8.838987e-02	3.190148e+00	-4.01254e+00	3.190140e+00	
661	8.853217e-02	-1.00388e+00	-2.46507e+00	-1.00389e+00	
662	8.868179e-02	-4.54780e+00	-5.20482e-01	-4.54781e+00	
663	8.884093e-02	-4.20598e+00	8.217912e-01	-4.20598e+00	
664	8.895601e-02	-1.36451e+00	1.128878e+00	-1.36451e+00	
665	8.904488e-02	1.391359e+00	1.129650e+00	1.391359e+00	
666	8.913135e-02	3.673795e+00	1.139788e+00	3.673794e+00	
667	8.923920e-02	4.988492e+00	1.395761e+00	4.988488e+00	
668	8.936330e-02	3.785584e+00	2.098617e+00	3.785577e+00	
669	8.948633e-02	4.288854e-01	2.964782e+00	4.288786e-01	
670	8.961570e-02	-3.32306e+00	3.452226e+00	-3.32306e+00	
671	8.977106e-02	-4.95630e+00	2.699011e+00	-4.95629e+00	
672	8.992540e-02	-2.25862e+00	4.673282e-01	-2.25860e+00	
673	9.009397e-02	2.783680e+00	-2.46594e+00	2.783697e+00	
674	9.027489e-02	4.938962e+00	-4.24095e+00	4.938965e+00	
675	9.042868e-02	2.166280e+00	-3.84770e+00	2.166271e+00	
676	9.058495e-02	-2.54397e+00	-2.18967e+00	-2.54399e+00	
677	9.072808e-02	-4.95267e+00	-5.95887e-01	-4.95268e+00	
678	9.088316e-02	-3.34967e+00	3.831399e-01	-3.34967e+00	
679	9.098531e-02	-4.60844e-01	5.830532e-01	-4.60845e-01	
680	9.104776e-02	1.477972e+00	6.272101e-01	1.477971e+00	
681	9.111284e-02	3.255417e+00	7.072612e-01	3.255415e+00	
682	9.124301e-02	4.995179e+00	1.207720e+00	4.995173e+00	
683	9.136535e-02	3.743256e+00	2.132318e+00	3.743247e+00	
684	9.151170e-02	-3.67082e-01	3.366313e+00	-3.67090e-01	
685	9.164348e-02	-3.92123e+00	3.874627e+00	-3.92123e+00	
686	9.179724e-02	-4.78134e+00	2.964983e+00	-4.78133e+00	
687	9.196640e-02	-1.04785e+00	3.029269e-01	-1.04783e+00	
688	9.212765e-02	3.593967e+00	-2.54397e+00	3.593982e+00	
689	9.230755e-02	4.676706e+00	-4.16113e+00	4.676708e+00	
690	9.245418e-02	1.419527e+00	-3.73929e+00	1.419519e+00	
691	9.260264e-02	-3.00551e+00	-2.30490e+00	-3.00552e+00	
692	9.274666e-02	-4.99890e+00	-9.22671e-01	-4.99891e+00	

693	9.286906e-02	-3.66494e+00	-2.39504e-01	-3.66494e+00	
694	9.296271e-02	-1.16094e+00	-3.16485e-02	-1.16095e+00	
695	9.302161e-02	6.769551e-01	3.209185e-02	6.769541e-01	
696	9.307895e-02	2.379781e+00	1.139584e-01	2.379780e+00	
697	9.313690e-02	3.789862e+00	2.694801e-01	3.789859e+00	
698	9.322962e-02	4.959061e+00	7.618529e-01	4.959054e+00	
699	9.336164e-02	3.819545e+00	1.962902e+00	3.819534e+00	
700	9.350213e-02	-6.69881e-02	3.440306e+00	-6.69980e-02	
701	9.365451e-02	-4.12681e+00	4.263702e+00	-4.12681e+00	
702	9.381787e-02	-4.55218e+00	3.320950e+00	-4.55217e+00	
703	9.399220e-02	-2.44790e-01	5.020275e-01	-2.44770e-01	
704	9.415286e-02	4.097222e+00	-2.33258e+00	4.097237e+00	
705	9.433064e-02	4.371853e+00	-3.90179e+00	4.371855e+00	
706	9.447204e-02	8.739525e-01	-3.58922e+00	8.739457e-01	
707	9.461460e-02	-3.29716e+00	-2.44852e+00	-3.29717e+00	
708	9.475413e-02	-4.99832e+00	-1.37024e+00	-4.99832e+00	
709	9.485649e-02	-3.92183e+00	-9.12895e-01	-3.92184e+00	
710	9.494249e-02	-1.76776e+00	-7.49198e-01	-1.76776e+00	
711	9.501934e-02	6.061515e-01	-6.65700e-01	6.061503e-01	
712	9.509209e-02	2.734451e+00	-5.23184e-01	2.734448e+00	
713	9.522128e-02	4.918839e+00	1.703782e-01	4.918831e+00	
714	9.535111e-02	4.024471e+00	1.509131e+00	4.024458e+00	
715	9.549407e-02	1.861920e-01	3.290284e+00	1.861797e-01	
716	9.564602e-02	-3.97039e+00	4.484265e+00	-3.97040e+00	
717	9.581388e-02	-4.60265e+00	3.873591e+00	-4.60264e+00	
718	9.597054e-02	-9.20256e-01	1.520745e+00	-9.20237e-01	
719	9.613759e-02	3.803800e+00	-1.50246e+00	3.803817e+00	
720	9.631415e-02	4.599373e+00	-3.44599e+00	4.599378e+00	
721	9.645633e-02	1.354762e+00	-3.52019e+00	1.354758e+00	
722	9.657668e-02	-2.31677e+00	-2.83500e+00	-2.31678e+00	
723	9.670480e-02	-4.79972e+00	-1.99161e+00	-4.79973e+00	
724	9.680257e-02	-4.72973e+00	-1.56254e+00	-4.72973e+00	
725	9.688864e-02	-3.21998e+00	-1.40282e+00	-3.21998e+00	
726	9.695985e-02	-1.24813e+00	-1.36856e+00	-1.24813e+00	
727	9.703069e-02	9.582445e-01	-1.32570e+00	9.582435e-01	
728	9.713551e-02	3.761156e+00	-1.02349e+00	3.761151e+00	
729	9.728275e-02	4.894491e+00	1.881797e-01	4.894479e+00	
730	9.744242e-02	1.769706e+00	2.324507e+00	1.769691e+00	
731	9.759773e-02	-2.88087e+00	4.199458e+00	-2.88088e+00	
732	9.779150e-02	-4.83098e+00	4.430367e+00	-4.83097e+00	
733	9.794503e-02	-1.69290e+00	2.599284e+00	-1.69288e+00	
734	9.811407e-02	3.284471e+00	-3.43594e-01	3.284489e+00	
735	9.828268e-02	4.894983e+00	-2.54006e+00	4.894992e+00	
736	9.843871e-02	1.878132e+00	-3.09007e+00	1.878130e+00	
737	9.855591e-02	-1.72049e+00	-2.73085e+00	-1.72050e+00	
738	9.867141e-02	-4.40276e+00	-2.21379e+00	-4.40276e+00	
739	9.875742e-02	-4.99457e+00	-1.95476e+00	-4.99457e+00	
740	9.884082e-02	-4.20773e+00	-1.89049e+00	-4.20773e+00	
741	9.891680e-02	-2.49636e+00	-1.95802e+00	-2.49636e+00	
742	9.899300e-02	-2.19821e-01	-2.04835e+00	-2.19820e-01	
743	9.907323e-02	2.220318e+00	-2.02598e+00	2.220317e+00	
744	9.923369e-02	4.973782e+00	-1.12012e+00	4.973772e+00	
745	9.939262e-02	3.123354e+00	9.577760e-01	3.123337e+00	
746	9.956147e-02	-1.88334e+00	3.490841e+00	-1.88336e+00	
747	9.972851e-02	-4.95451e+00	4.720750e+00	-4.95451e+00	
748	9.988674e-02	-3.26530e+00	3.840895e+00	-3.26529e+00	
749	1.000000e-01	1.964387e-14	2.162059e+00	1.744740e-05	

